name: DDP
channels:
  - conda-forge
  - defaults
dependencies:
  - _libgcc_mutex=0.1=main
  - backports=1.0=py_2
  - backports.weakref=1.0rc1=py36_1
  - blas=1.0=mkl
  - bleach=1.5.0=py36_0
  - ca-certificates=2020.12.5=ha878542_0
  - certifi=2020.12.5=py36h5fab9bb_1
  - html5lib=0.9999999=py36_0
  - importlib-metadata=3.4.0=py36h5fab9bb_0
  - intel-openmp=2020.2=254
  - ld_impl_linux-64=2.33.1=h53a641e_7
  - libedit=3.1.20191231=h14c3975_1
  - libffi=3.3=he6710b0_2
  - libgcc-ng=9.1.0=hdf63c60_0
  - libprotobuf=3.13.0.1=h8b12597_0
  - libstdcxx-ng=9.1.0=hdf63c60_0
  - markdown=3.3.3=pyh9f0ad1d_0
  - mkl=2020.2=256
  - mkl-service=2.3.0=py36he8ac12f_0
  - mkl_fft=1.2.0=py36h23d657b_0
  - mkl_random=1.1.1=py36h0573a6f_0
  - mock=4.0.3=py36h5fab9bb_1
  - ncurses=6.2=he6710b0_1
  - numpy=1.19.2=py36h54aff64_0
  - numpy-base=1.19.2=py36hfa32c7d_0
  - openssl=1.1.1h=h516909a_0
  - pip=20.3.3=py36h06a4308_0
  - protobuf=3.13.0.1=py36h201607c_1
  - python=3.6.12=hcff3b4d_2
  - python_abi=3.6=1_cp36m
  - readline=8.1=h27cfd23_0
  - setuptools=52.0.0=py36h06a4308_0
  - six=1.15.0=py36h06a4308_0
  - sqlite=3.33.0=h62c20be_0
  - tensorflow=1.3.0=py36_0
  - tk=8.6.10=hbc83047_0
  - typing_extensions=3.7.4.3=py_0
  - webencodings=0.5.1=py_1
  - werkzeug=1.0.1=pyh9f0ad1d_0
  - wheel=0.36.2=pyhd3eb1b0_0
  - xmltodict=0.12.0=py_0
  - xz=5.2.5=h7b6447c_0
  - zipp=3.4.0=py_0
  - zlib=1.2.11=h7b6447c_3
prefix: /home/devmood/.conda/envs/DDP

